78161
67025
40916
29281
42252
74483
83990
81193
61695
55826
71661
54251
64490
93097
38115
88932
48905
75870
11975
87207
61319
60995
34987
20401
40714
75870
93192
16534
74483
69758
22282
10690
20278
56080
13483
40714
58805
13861
81227
22297
19329
89115
30988
41575
85537
72861
43692
48837
10261
93717
14234
51528
33735
68007
12950
65750
84782
55630
23303
40595
90097
85322
62265
18719
83486
33163
24737
84455
33543
19946
92133
15535
55536
75209
48450
57717
81436
48905
38827
74483
16526
93192
29281
99503
18719
88932
63047
28064
37524
98562
83240
35215
60324
71182
81227
75870
16526
51226
43692
68007
55991
40714
48905
30663
65822
33163
10694
44077
37198
45366
88932
26943
38054
87605
74483
70558
72541
93192
75055
18450
81896
14484
82621
79095
16526
81227
77024
67126
23229
33163
35215
17165
31103
21897
22214
94031
48905
76901
22733
26303
52498
17762
37039
92368
18719
10690
55792
94111
90097
72102
14145
76919
41575
12813
93192
24651
51488
12076
66643
75197
30301
99773
31526
90097
33163
40714
83486
93717
38011
25141
15540
42534
27367
48764
10690
38313
84455
33543
26980
70873
70116
75870
84455
31181
78013
31854
69158
34394
16800
29281
60932
33543
84455
57741
95712
81241
88932
74916
33212
42606
18726
65391
43692
35215
21897
56864
43692
45803
76091
33163
31947
91101
89352
31662
29281
48905
80667
93192
38515
37279
26382
99922
65132
59412
50652
90097
27556
72541
12182
89941
86570
67678
31761
48112
93192
83486
81227
46836
85857
21897
85485
75870
61908
16676
63807
49492
44537
97066
88489
33163
56070
39419
48077
77355
40714
10690
37386
18719
93192
99458
19579
80902
43692
88046
34034
46234
29281
98196
15751
46368
43692
88932
14246
32825
93192
71337
93192
98368
41575
70812
57615
35215
71269
51867
41575
21897
88673
71550
81446
74483
88932
14484
75181
84455
93192
43938
71269
69700
40714
49855
71769
54337
67678
82300
97789
83486
51582
34579
84455
62934
84167
99961
54181
64516
84455
14484
59838
10690
21170
64785
84455
99989
46908
67723
29281
84690
43692
57417
73258
56916
93717
38046
88932
33543
33163
84455
44014
48905
67255
51220
34802
68007
90097
94272
53212
97277
33163
85051
29281
75870
16526
54325
15132
18876
27476
93717
88932
33543
75870
21948
16526
35246
80249
83486
67678
75472
47528
48905
93717
89060
61568
28064
68455
35270
48846
91307
56105
81227
15711
67678
56999
15450
91050
10690
25413
83486
21897
93717
10690
74483
93192
76784
93192
14484
29281
80947
35215
53251
29281
93717
93717
35321
35215
74483
15440
72541
84455
41575
27829
29281
71269
97485
14592
19410
67352
61823
43692
51225
32067
38183
96718
62375
90429
32843
68007
45626
24082
88932
20291
48905
21292
72079
35246
90097
33089
38235
33163
48035
63930
25813
40719
95093
40624
73738
84455
83486
71269
28064
29281
74610
33543
28436
50820
48905
88932
13881
69281
24651
24411
55046
22390
26953
77920
33049
16526
18450
51386
51511
85285
83486
33163
15004
83486
33543
29531
43692
47611
68786
23174
24709
74483
55347
62317
75141
41575
28064
77537
84260
11744
92188
38163
38745
48323
29281
18719
41205
29395
68007
54789
85063
33163
40751
87588
95503
52415
74483
23886
43692
93192
79286
11128
76365
40714
40916
93717
29785
56372
36105
94886
10690
14704
89181
16526
51569
20690
43748
95013
25536
80911
92302
69129
16526
96955
40317
35215
48905
59297
28064
20168
32624
38285
39511
21634
65647
35246
83486
35380
21364
49229
93717
40714
27634
48905
24654
12823
16526
40714
17096
16526
66980
33543
28064
40916
83486
12376
49788
70470
36495
40714
62066
63694
60509
33163
83486
29525
93717
53874
29478
93029
40916
83273
81994
64160
74483
67678
62841
49581
64033
88932
14484
50682
19755
51230
95000
88932
24136
83486
88932
23920
23460
89553
95983
35366
63431
73975
83486
93074
28434
45730
73174
35215
15532
11037
43692
71818
96896
26879
21897
66656
32677
28064
33543
18450
84455
21897
72827
71269
88406
37380
16526
49678
50168
18386
28064
29281
83486
36264
88932
66200
95285
41575
73975
54231
88932
65733
16526
50212
33163
63211
94849
71592
40916
99187
99033
57774
33826
18719
67678
14854
93192
56413
35246
71269
75870
93717
27065
10690
24651
83486
93717
84455
40714
18719
40595
36998
71269
72350
21897
53101
28064
79235
81241
83486
22997
75870
74035
51906
21897
84455
50464
84597
41575
33163
88932
53663
97839
85495
40714
33963
10690
88036
93536
77110
95613
93192
54065
78090
35693
92836
93484
76846
24170
74483
26929
68007
41575
92073
50515
21897
41077
88870
21932
59138
78832
88932
71269
46499
27566
91880
81241
33163
81322
93717
74094
61331
69156
69583
41575
50099
84455
29281
74477
29281
59138
84455
84455
41575
93192
76128
35246
22697
45484
62980
75013
46758
60999
89091
74483
40714
36906
46030
93717
81241
93192
31543
88840
39972
81241
92476
62341
29281
62298
44900
41575
66303
95678
29281
71211
97664
29460
99460
11799
74080
79683
94140
10102
75026
64163
41972
68007
13243
83897
58385
55856
12805
76963
51981
40992
73220
68007
46723
95871
45209
81227
77014
96939
56021
79483
24651
33543
23646
75870
36106
67678
81227
57015
14830
68007
14484
48905
81444
37612
87576
93717
25694
58919
48905
69793
84047
57089
40714
33543
56816
48905
29281
90097
10690
73814
16309
46447
41575
16526
29281
26199
81227
83486
36488
28819
14484
76345
68337
93717
94317
12128
48333
81227
21537
97903
54068
51010
13379
57913
33543
14011
11989
20622
85828
35215
20534
29281
90097
79612
47370
33543
33543
23828
30335
16089
74483
16526
83486
10690
25422
71269
68766
26161
93192
38283
25369
68809
81227
68007
40916
40714
75586
29226
79357
75870
30290
44700
66014
37161
59683
23322
74483
75213
21653
17136
33300
91975
42921
84726
64944
14484
26597
30595
32122
67678
48905
62382
75870
15944
14484
48905
24651
30008
28064
81227
12146
92896
83836
84455
74483
68552
40916
50552
81227
92386
94303
64211
21143
14484
14484
88400
10690
27051
18450
52391
96934
93717
21897
35295
32330
40595
21897
68007
21897
81145
75727
72541
48905
46050
39784
95347
88932
77214
40916
40537
93192
25237
94403
24651
11923
33163
33163
16526
14988
93717
70311
78731
96086
14484
17329
68007
88932
33543
42364
93717
81227
29410
79535
78405
36111
83486
82102
50625
77411
45357
21897
33543