14832
19986
61574
87318
12651
43238
13498
89748
21897
56707
53149
35501
35575
93717
56811
59171
29134
53535
25373
20739
93977
53691
85586
57967
63728
55803
61607
24011
35757
17574
44987
57097
41948
54024
54629
77940
33163
50446
12025
38258
77220
31100
22194
19934
39003
16792
49579
61354
20913
36007
84109
86082
11661
67997
13318
14816
83826
41231
95346
65834
82985
22625
66493
85912
87029
36061
96931
73557
68446
59231
98226
89950
78504
89239
62884
74554
10690
75129
62540
92470
59728
12803
14168
16934
30438
91948
31738
95675
40399
47357
47613
96410
89334
79225
20839
37606
24627
99578
36756
66045
81227
43775
32169
87072
67785
62885
70978
57186
95376
27824
65397
48595
63923
26925
95813
61184
82770
39915
70056
80250
41945
59350
92719
85385
16782
60542
55916
68128
54947
82438
13341
55486
84059
59138
77153
89876
25474
17942
74483
87517
19733
69030
75386
28497
11163
58366
57571
19592
72419
36566
40849
55269
65509
60617
54733
13960
27364
98470
97058
28064
15244
80340
66546
52697
98166
73975
68182
63228
56573
28180
37939
25370
64919
70478
99686
95464
54829
62114
74213
54323
44469
27175
76725
49758
78293
81467
18125
83779
35292
35215
84988
87195
45923
63094
23139
45876
96749
22373
26413
72356
20886
60547
12792
57886
53980
98924
47272
68066
43349
65689
22894
31343
10205
84491
56668
67399
65864
58361
83339
83183
60409
79209
82681
96686
66634
16609
18724
79737
83038
51288
46843
11376
18179
51996
23978
65754
91433
82134
41947
59248
34679
35451
11471
84595
89040
84288
27228
37282
24651
80363
88456
41800
25159
42045
39208
63685
44566
57151
20402
12727
68774
43074
84348
95333
70982
38107
92088
12859
55747
44045
50910
39677
24054
32389
67135
85340
84227
99218
44571
14484
25893
10730
92599
44898
14022
51095
15804
72933
98390
22047
59037
41492
64970
55231
69345
38425
61882
56850
79667
51547
11130
85572
95817
61823
19271
11881
42887
27906
42050
58219
47734
88275
50696
39410
39867
11697
37836
32637
27449
40912
95484
82502
32254
75920
58759
71237
58054
74921
72191
20925
70260
43880
75354
29177
76812
48520
88413
14204
36006
59611
35246
91384
52764
15643
12252
42561
42108
10911
91308
76358
42657
12071
81889
29405
29837
76631
47641
34387
77357
28481
76059
98029
97408
59543
59031
69527
30138
20066
79367
14231
48664
59260
92070
65254
50807
18466
98554
78229
17508
32537
64637
14158
94331
93192
63700
33698
49890
28284
68266
62339
99083
88893
28590
36855
99465
65344
22897
62999
13164
34681
21444
83947
47747
54938
61241
16106
66912
86904
50909
17878
57511
23564
55568
38790
69298
26379
60725
95609
16526
69930
58261
66299
64363
15958
88092
55317
73218
90801
82391
15221
26395
81868
29281
92022
98990
60704
73392
62913
41494
78820
30876
88601
59498
72541
45001
51393
49594
89306
95586
74066
84603
29412
42616
28084
45298
36632
61452
30530
81040
48479
48905
92424
36609
36363
42491
60244
89800
86057
39702
99044
31142
26681
79013
22300
36593
96294
61854
77848
93396
36412
10311
49637
61341
47003
57335
62656
78660
55534
91664
73241
44853
96103
97685
18594
42945
89791
43844
52203
45997
43455
16971
74978
97187
40232
18342
24965
49746
89099
67825
16593
56839
11705
91271
48090
26330
63509
63644
93981
47622
89825
38686
89672
77486
45003
49032
25345
87527
70941
21015
11083
80364
64499
17680
82514
64068
40916
12807
29336
85277
97414
97987
26537
77528
94621
67010
85282
60747
35816
42558
40714
90403
12931
13207
44081
17523
96863
63915
92093
87227
82153
95949
84455
92953
68133
25145
51168
10426
30746
59405
11053
28727
60002
18727
51351
88936
72495
95001
57689
56271
84192
66747
63547
44376
78017
68252
87058
24528
79309
37689
82925
11185
59981
19803
88955
62575
59187
16626
72182
68140
55133
60424
30277
59807
11695
88218
86693
64005
82743
65611
12943
84890
22850
41887
94870
61232
90930
65126
50230
62318
44487
93072
87839
40846
82312
37205
41771
18488
64975
41318
94020
67770
92697
46376
84236
11652
61056
74605
52827
81941
67301
21433
88988
12094
65678
25359
78777
83486
43692
49518
60987
72384
67038
75521
99927
20155
68007
78774
23347
96278
91486
12417
61202
96627
25222
64171
68576
69865
89318
61846
63301
94345
98732
49854
20484
78186
15151
16701
84420
70969
96733
90462
78081
89755
42126
73585
29146
99960
44570
12188
97638
58359
56831
81299
10184
94180
93572
61193
93057
41575
80661
84971
68778
33548
67515
53015
24296
75789
18450
11400
68927
23360
70962
25901
90104
92690
84082
37781
39248
68444
22591
78300
41642
85689
91716
22703
17203
52010
20129
21980
28582
79463
37736
67994
16953
46951
33543
18645
94602
13621
27057
74785
59746
60110
62516
77989
34023
45508
48128
23009
67823
44284
73893
26400
81470
13987
40402
81241
28661
38754
60453
18719
91986
36762
52316
61231
18641
56957
54010
43662
54471
63021
66926
66604
76446
48576
10307
63993
61993
85436
74284
67739
92165
99609
25438
99979
52428
65675
24431
41397
92851
34998
11302
71884
30217
97095
69071
88734
41230
31625
60964
40499
85595
95121
96723
64147
67833
95487
13075
69700
15306
34154
57049
91952
37697
95090
20336
51568
64290
49988
13744
52919
36950
29163
30162
54572
17704
63346
89038
88932
51833
60989
13203
21572
23092
28218
71269
52668
65121
42781
29619
29737
87960
36815
98734
92414
27941
41056
35048
33270
14665
80772
88159
95525
70169
12374
97483
86083
92285
83969
49114
22237
78804
70867
61833
88978
83372
98991
31890
12629
89790
99514
21333
54624
17056
80827
45269
78475
23246
17554
68357
28584
41249
32862
53163
75876
37926
34044
52671
21682
16611
36831
79227
10599
68516
77351
41527
49577
62810
61945
73971
75302
67678
73242
40271
46681
16749
64088
81627
37975
58315
29392
22736
75087
68106
37010
31609
87616
39999
87987
73875
88833
46716
52283
36866
67346
24077
81976
56264
83180
50962
54734
10575
67866
14232
53607
51940
63404
12755
42741
42172
24590
69649
19202
17185
78645
99533
86687
96579
55295
90628
21113
35322
34685
86136
96794
20234
44198
29422
47083
74043
48760
72646
48320
84231
95623
13808
46006
66909
23234
10780
24124
32448
50298
76485
44318
90946
42022
85377
86170
73678
15538
15573
30475
91104
17132
18658
90097
26817
75870
26362
40595
50112
17611
90791
95109
74143
89442
11299
65424
17687